
power = 2027.45740044109
throughput = 12331.02
composite = 5000.06177501709
